nan 5.848945238141558915e-03 6.337160714388785643e-03 5.807265460585349197e-03 5.824594999112742838e-03 5.916944809867721866e-03 5.794921902066502845e-03 1.296018879854310413e-02 6.022486464635433065e-03 5.686160072250708020e-03 3.324996764677456973e-03 5.821456185514588093e-03 8.611254627767479103e-03 5.713694458688483094e-03
nan nan -6.741617584073156255e-04 -6.722206916201391548e-04 -6.723427764165541311e-04 -7.070738754835765964e-04 -6.685519308305529120e-04 -2.746954065442341886e-04 -6.004674596409523973e-04 -7.412860304426746030e-04 -8.110684394019296306e-04 -6.726054074446558700e-04 -6.570086667074918896e-04 -6.722472439915760239e-04
nan nan nan -1.155450966546364873e-02 -1.152770390093743776e-02 -1.118761369775922963e-02 -1.141922189044652057e-02 -2.964084485097917554e-02 -1.303922113060393233e-02 -1.197686786546127771e-02 -1.233918293357183504e-02 -1.154941693362297045e-02 -1.138649964608790324e-02 -1.192284442127953571e-02
nan nan nan nan 6.911646605077411375e-04 7.063957456099495026e-04 6.948705275074058049e-04 7.170725927160281898e-04 6.967783953855926499e-04 6.809046434123272942e-04 1.431240141746947803e-03 6.912708924137882802e-04 7.031260698839685019e-04 6.385648541635778608e-04
nan nan nan nan nan -1.584473753447393756e-04 -1.590402547631954524e-04 4.610407260274840269e-05 -1.608621970117431882e-04 -1.649206430518496027e-04 -1.580711689657676722e-04 -1.609467154361680181e-04 -1.625103283195185322e-04 -1.637562702083601718e-04
nan nan nan nan nan nan 3.687717678093587002e-03 5.432083012159361068e-03 3.723201829599689927e-03 3.556262234616667812e-03 1.109855459872577388e-03 3.638050802645041888e-03 3.870089972830923625e-03 3.427686501938063263e-03
nan nan nan nan nan nan nan 1.919099554083758541e-03 3.023533357638346145e-03 2.687775078688711683e-03 2.128486870417722887e-03 2.555730251967256068e-03 1.804162567747104318e-03 2.595477443700477949e-03
nan nan nan nan nan nan nan nan -3.671852844440525593e-02 -3.514619145054381083e-02 -2.365331120758634720e-02 -3.618165743851453620e-02 -4.091711483456553222e-02 -3.067482251151620876e-02
nan nan nan nan nan nan nan nan nan -1.210427459340487986e-03 2.978866139522973189e-03 -1.192913993303462358e-03 -2.288905463351659925e-03 -6.327441006487959096e-04
nan nan nan nan nan nan nan nan nan nan 1.037689183271689464e-02 6.050070065286619267e-03 9.361226941066450730e-03 5.753497583191723858e-03
nan nan nan nan nan nan nan nan nan nan nan -1.158143526240762444e-02 -1.192865502643822642e-02 -8.268730738000608718e-03
nan nan nan nan nan nan nan nan nan nan nan nan 1.040834085586084257e-17 5.204170427930421283e-18
nan nan nan nan nan nan nan nan nan nan nan nan nan -7.739689224408792881e-03
nan nan nan nan nan nan nan nan nan nan nan nan nan nan
