nan -3.758711859537198878e-03 -3.676976882573378298e-03 -3.748707564871324623e-03 -3.744331710973662370e-03 -3.792422798359434272e-03 -3.756367631346558839e-03 -5.970232444145351369e-03 -3.586889813911116678e-03 -3.791258292969370593e-03 -3.720521244533727540e-03 1.365449601124613110e-03 -3.527436481577581745e-03 -3.777671373517126324e-03
nan nan -7.373984576884875901e-04 -7.317935829844889224e-04 -7.322555832743973293e-04 -7.291908873762434525e-04 -7.327298585154012368e-04 -6.916869545973702849e-04 -7.338778772211828130e-04 -7.218458494906961412e-04 -7.019555864684924595e-04 -9.255268359349422269e-04 -6.808809205134674523e-04 -7.305858829279735303e-04
nan nan nan 3.070901151703651390e-03 3.073809890129264397e-03 3.042937757832103827e-03 3.086456643460386978e-03 7.471509946134935465e-03 2.866033381063148519e-03 3.020298171776964434e-03 2.975558540659180295e-03 3.731056376219510362e-03 3.091756095609911239e-03 2.727857372830724825e-03
nan nan nan nan 9.842363145327500654e-05 9.202832248903555085e-05 9.885133433915844277e-05 1.022754333295794460e-04 9.904703772220090768e-05 9.721185760171169310e-05 1.855666551295910571e-04 9.706842613821375920e-05 9.985057379397523905e-05 9.495857652057305628e-05
nan nan nan nan nan 1.101450348893993902e-04 1.132756747627399342e-04 5.201747000738166093e-05 1.183668705289934661e-04 1.125566517514373088e-04 1.134854106595514778e-04 6.821027597125883801e-05 1.129001574481603375e-04 1.167606866039703345e-04
nan nan nan nan nan nan -8.572132810797954486e-03 -4.731243091804060441e-03 -8.080562879487570779e-03 -8.760204804118643801e-03 -7.787261970246268927e-03 -7.188747008761597890e-03 -8.301012051692299720e-03 -8.741273314901664565e-03
nan nan nan nan nan nan nan -3.598536542093189183e-05 -4.267208405202803367e-05 5.929769767304068906e-05 -5.211617061420814601e-06 -1.198816321741347224e-04 -4.672724829230993178e-05 -2.639362728437590760e-06
nan nan nan nan nan nan nan nan -3.431314879700709392e-02 -3.361272304416693113e-02 -3.636451140937107390e-02 -2.856370755336778977e-02 -3.177202346299532604e-02 -3.583187030680721336e-02
nan nan nan nan nan nan nan nan nan -6.597280489147681198e-03 -6.009109712446676632e-03 -2.720089758639021582e-03 -7.156425608264990572e-03 -7.071221714200200646e-03
nan nan nan nan nan nan nan nan nan nan -2.795012547044235796e-03 -7.374543254872301112e-03 -2.921557893188526586e-03 -3.352921362739832989e-03
nan nan nan nan nan nan nan nan nan nan nan 2.644778844520523364e-02 1.515100495551730160e-02 1.586696532657219313e-02
nan nan nan nan nan nan nan nan nan nan nan nan 2.666367013931868896e-02 2.765262865688207852e-02
nan nan nan nan nan nan nan nan nan nan nan nan nan 2.675154826604145275e-04
nan nan nan nan nan nan nan nan nan nan nan nan nan nan
