nan 1.502585240399258301e-03 1.678923231785274701e-03 1.489516487519794040e-03 1.498454855170941197e-03 1.449736032453672642e-03 1.523195937647849746e-03 -1.580462774304625118e-03 1.878474995918561798e-03 1.415496289999870934e-03 1.675075074311818679e-03 -1.602660322280624605e-03 1.504084754805626138e-03 1.059109153829880176e-03
nan nan -2.486507280986724987e-03 -2.476427453496664495e-03 -2.478990589132007861e-03 -2.485856702284253150e-03 -2.477929646556637031e-03 -2.381786537055563535e-03 -2.479547684968492864e-03 -2.462272069570736049e-03 -2.222965414184374655e-03 -3.930458848709350583e-03 -2.366310257233572058e-03 -2.493261372981922346e-03
nan nan nan -1.691920017674719079e-03 -1.684559649672600842e-03 -1.963454360829445210e-03 -1.690038443840000387e-03 6.493178071919625260e-04 -2.047422238245214052e-03 -1.696654991702566985e-03 -2.752222641264082115e-03 -7.376994666538072565e-04 -1.609095883769387156e-03 -2.238443598476349758e-03
nan nan nan nan 1.038733807044099589e-04 1.037264769527396213e-04 1.055873101662068770e-04 8.681672033306053748e-05 1.168986538506752541e-04 9.321678581378136513e-05 1.863365220172823189e-04 1.294910201897758739e-04 1.032943157441982337e-04 1.038940778023116768e-04
nan nan nan nan nan 5.014180209148358380e-05 5.097354636439181371e-05 -1.029668290558061194e-04 5.236347590986028047e-05 5.069234894855296353e-05 6.375802197753840939e-05 -5.328473800580990627e-05 5.156779147256606438e-05 5.207211225786902847e-05
nan nan nan nan nan nan -1.265882963450717935e-02 -1.152368083763452566e-02 -1.190709128334247260e-02 -1.287894679852802024e-02 -1.239105206824673427e-02 -1.505815292689438589e-02 -1.226614275035198265e-02 -1.280846166537849551e-02
nan nan nan nan nan nan nan 7.789985004336141827e-06 1.114199240208452700e-04 2.511860679670326404e-04 7.838093414339747378e-05 6.343514081718071296e-04 1.172485921732034034e-04 1.721851713001537956e-04
nan nan nan nan nan nan nan nan 5.353933124328497974e-03 -5.306216105945265465e-05 -8.206272876376735637e-03 1.472475787623028776e-02 3.342649241773990205e-03 1.853897645455509537e-03
nan nan nan nan nan nan nan nan nan -2.940348043100685961e-03 -2.127639915142351401e-03 7.915992285091322245e-04 -3.013745951036835187e-03 -3.456414591409692587e-03
nan nan nan nan nan nan nan nan nan nan -4.024981346804061555e-03 -1.120900618029785356e-02 -4.289837172000368279e-03 -4.801439043692928843e-03
nan nan nan nan nan nan nan nan nan nan nan 5.539387799093253850e-02 3.430109066768149279e-02 3.487907558316281215e-02
nan nan nan nan nan nan nan nan nan nan nan nan -1.508090266382719827e-02 -1.344308275936346303e-02
nan nan nan nan nan nan nan nan nan nan nan nan nan 3.190953746969094930e-03
nan nan nan nan nan nan nan nan nan nan nan nan nan nan
