nan 1.077370103748870322e-02 1.156439106455982996e-02 1.055505992678641355e-02 1.063592954844204755e-02 1.081456562232041216e-02 1.049150089984963660e-02 2.580305033332963571e-02 1.029958457858246891e-02 9.898092932902788701e-03 9.568810257549631437e-03 1.057435625583202574e-02 1.147367228929591088e-02 1.089668524232821276e-02
nan nan 4.226639023940798046e-04 5.874542201718635460e-04 5.884045515141321601e-04 4.725536848332032892e-04 5.953157201749631911e-04 1.860762723093767335e-05 7.654108272876960356e-04 4.801967703746396312e-04 1.437489784257894865e-03 5.902004335237699770e-04 8.174952359636528110e-04 5.780326064609171005e-04
nan nan nan 3.580676947554686492e-04 4.269568641668928122e-04 1.423309540964872930e-03 3.825385018932931768e-04 -8.321841080949909930e-03 -1.054939388010702958e-03 3.131771668575300581e-04 -9.203641027869413627e-03 3.669560775517166640e-04 1.130668793476133360e-03 -2.048880370202208617e-03
nan nan nan nan 2.734079523095549235e-04 3.136836478556887312e-04 2.892614906484824219e-04 3.794714408382748871e-04 2.899899190009908034e-04 1.761406822247002122e-04 1.021903410714952720e-03 2.738106039407968233e-04 2.681174229076654925e-04 2.779905909121348564e-04
nan nan nan nan nan -2.150772915438629862e-04 -2.093861087355669819e-04 4.381920034262076769e-04 -1.962647160450234352e-04 -2.116622430996579650e-04 -9.422036361939056803e-05 -2.112118780109738161e-04 -2.044631101583531396e-04 -2.435780916148081246e-04
nan nan nan nan nan nan 6.239685647577936610e-03 7.422279987881807983e-03 5.770794968414460699e-03 5.862988626798521473e-03 3.613839912793626041e-03 6.046786284770738415e-03 6.442470575020592394e-03 5.733888917606996816e-03
nan nan nan nan nan nan nan 3.843977714228508091e-04 2.163094684091966188e-03 1.085497909823861153e-03 -5.460908029419897503e-04 8.491909562911958542e-04 -1.153949130924918076e-04 5.535020007310662363e-04
nan nan nan nan nan nan nan nan -7.284142489494957462e-02 -5.397750577524094984e-02 -1.619230438074570344e-02 -6.215353732798256647e-02 -6.730411176468246992e-02 -5.721110953464353388e-02
nan nan nan nan nan nan nan nan nan 1.192255146867741283e-02 6.426050221187029621e-03 1.038162682809885308e-02 8.114895504839715612e-03 1.042266544606411730e-02
nan nan nan nan nan nan nan nan nan nan 4.271757414844534750e-03 -1.766353561712347663e-03 1.948233031534712945e-03 -2.842130596425603353e-03
nan nan nan nan nan nan nan nan nan nan nan -2.456343948368694408e-02 -2.290854323753481470e-02 -1.887201172640656441e-02
nan nan nan nan nan nan nan nan nan nan nan nan 1.040834085586084257e-17 -8.673617379884035472e-19
nan nan nan nan nan nan nan nan nan nan nan nan nan 8.514040037105981978e-03
nan nan nan nan nan nan nan nan nan nan nan nan nan nan
