nan 2.693139233721242223e-03 -1.183612106755048410e-02 -1.486477144540504503e-03 -5.780336187801576875e-05 3.145690127621666304e-03 1.461283197332758493e-03 6.182240410008810194e-03 -2.254391436265157367e-03 2.504269361628341795e-03 4.699178571876421254e-03 3.005402441694746650e-03 3.210058897082562757e-03
nan nan -6.788512232545923508e-03 -6.008692374703500372e-03 -6.901118770803767524e-03 -8.658343934272089149e-03 -7.645655025080164841e-03 -8.797618810888641061e-03 -6.449474124819054577e-03 -7.195384717448641276e-03 -7.596770897461059546e-03 -7.156328211061081801e-03 -7.807308221874168994e-03
nan nan nan 7.401173437861960358e-02 4.932237663489220936e-02 4.990246038904428555e-02 9.585838787351617929e-02 6.328519569798873867e-02 6.491363111953847576e-02 5.402920765816858484e-02 5.159204117951989021e-02 5.440584128404624825e-02 5.362480073671446745e-02
nan nan nan nan -8.086692168705983397e-02 -6.705581906992622021e-02 -8.484440717628574657e-02 1.027813763025187122e-03 -6.610667006945759872e-02 -8.321330496370746288e-02 -7.001608817722022871e-02 -6.942058900134244481e-02 -7.103125003130103532e-02
nan nan nan nan nan 1.152389636313794902e-02 7.919362166135042458e-03 1.572054532602823462e-02 8.289825525476843260e-03 1.626832468168343260e-02 1.463746585321881385e-02 1.529563583862158030e-02 2.055495060466378324e-02
nan nan nan nan nan nan 4.279168160063422099e-02 -3.113470496929393594e-03 3.398729762435080681e-02 4.459851503349401836e-02 4.024666495106618558e-02 3.925398054984061136e-02 4.467849586986251398e-02
nan nan nan nan nan nan nan 5.333320932809132442e-02 7.664157227497032931e-02 7.349292075965224713e-02 7.497847771042819021e-02 7.576543366589379158e-02 7.286171865847405893e-02
nan nan nan nan nan nan nan nan -1.431874804544974178e-01 -1.535162092771046594e-01 -1.088999410067665041e-01 -1.215357127406228172e-01 -1.274159388882316335e-01
nan nan nan nan nan nan nan nan nan 4.307264807785092520e-02 4.426799537373816984e-02 4.082125152582417177e-02 4.265253902863747060e-02
nan nan nan nan nan nan nan nan nan nan -4.667607427531667019e-02 -4.519411478103623619e-02 -4.677437118431633511e-02
nan nan nan nan nan nan nan nan nan nan nan 1.248449382651686812e-02 1.281024008998846164e-02
nan nan nan nan nan nan nan nan nan nan nan nan -6.622116569628974138e-03
nan nan nan nan nan nan nan nan nan nan nan nan nan
